296 111, 17

11-18. Eu 11131111 nach 1111 311111111111111131 1111 1111111111111113113.
131. 11312, 37-70. - Η. 111 (1111111311 1111111 111 1111111111111, (1111 morgen, 1111
11111111 Prophozoiung, 81111111111 1111 111111. 111 1111 111111111111 11111111
11111 1111111311, 111 11 1111 111111, 1111111311 111111111181111311 11111 311111.

3-13. elya-imas} 131. S. 11,1,8 11 311111 11 1111111, nisi cum 11, vilior 11-
3111· 111111 7, 12 proiecta 111111 aloa. - ab Euro; 3118111111 11111 in 3111111111
Fullo 111 111111 1111111. 13111,8,10; Aen. 1, 383 1111111111 undis 11111311. 11111
111 11111111 111111 111 111111111111. So 1. Β. 1111111. Ι, 85 1111111111 teau
1111111111 adsiduis 3111111311111111111111111111.- 11 Em,- 131. 1111111. zu 1,
21, 20. - 11111111· fiir 1111111111ς131.11, 14, 32 stravit humum. -· 11111, 111 11111
sorte, 1111 27, 88. - 13111;1111111111,111111111. - aquae—*um 1111111111 3111
111 11111111111111 1113111, 111111 11111111 111 1111111111. 131. 27, 10, 1111.
1, 108411.; 1113. (11113. 138813 01. Am. 11, 8, 84. - aquae—anquam· 111 ovid
10111111111111 3111111111 113113111111 3111111111 111111 aquae. - 113111; 111111
1111111113 1111 1113111111 stan Theb. IX, 823 1111311 1131111111 futuri. Boi
Euphorio 111311. 23 11111 111111 1111111111 induam. - 11111111 comm 131. 11,
13, 21. 1111 Κ1111 111111 1111 11111111111111 leben 1111 1111111 11311. 93 811111-
11111; &wia 111 11111 γενεὰς 1111111111 11111111] ἀνδρῶν 1131111111. 11111110111111
111 111. 11, 8, 38 1111 311111111ωά1 vix 1111111111 novem.

13-18. dum pom,- 11 Δ, Β 111 111 11111111 31111 Η11. -11111 1111111-
11111 111 Bentley· (1111111111, 1111111111 111 Baginensis 1111111 111 mich 11111
111111111111, 111 111111 111 mir 1111 Bentley 31111111 11111 potis (ι- dum 11111)
1111111111111. 11111111 1111 111 111311, 1111111111 von 1111111111, 11111 (131
111. ΙΠ, 8713 111, 798, xl, 148), 1111 111 1111111 111 011111, 11111111 (11111, 111
111 1111111111 111 11. 1111111311. 1111 vird gelegentlich 311111 111 Η. (1, 9, 63
S. 11, 8, 103 11111111) 111111 1111111111 131 111111111111 211. - 1111111111,
11 11131 11 1111 11111111 111, 111 Η111 111 dem 111111 1111113111, 11111111 111
1111111131111111 morgen 11111 1111111, 11131311 111111111111 1111111111 1111
131. 11151. — 111131111ς 13111, 14, 32. - Genium—curam 1111 1111 eorpus
111111 1131, d· 111 Genio 1111113111 311111111111111 11111111 1111 11111 31111113
11111111. 111111 1111111111 1111111111 1111111111 111 111111 1111111 111111 1111111 11
Spain und (1111111111 1113111111 131 ,1, 37, 31. -- So 1131111 111 familiaris
1111111111. 13 atquo 11111111 minu' 1111111311-111 1113111111 1111111111. 11111 1111
1111111113. Ι, 302, 111 11 vom 1111111 111111, 11111 11 1111111111 1118111111 zum
1111111111 11111111 11111111 311111113111111131111111111. - 1111111, 111 1111-
1111 111111111111111 11111131111111 conpone impemtiviuoh‚ 1111 11111. - pomo
1111111111,· 131. 011111 11111 extaque 11 porca 111111 bimestre 111111. 1131·
1111111111 111 1111111111, 1111111131 an (1111011111 111111111111 3111111111 11111,
11111 111111111 (01111111 d. 111 111 2) 11 111 (111111111311111111 11111311 03111
31111111 worden 11111. 111 1111111111 hier ja 311 1111111111111 (1111111113,
1111111 111111 1111111111111 1111 131. oben. - 31111ς 1111113111111111111111
porca, 1111111111 1111111111, 11 311111 111111 11131111 1111. 1111111111 111 bimestri
11111. 1111 11111 111 Β1111111113 111 Serv. 11 111. 1111, 841 111 omnibus 111111

feminini 31111111 3111111111 1111111111 11111 111 (11111111 1111111111111111111111131 ·
131. 11 111. Π, 1, 113. - bimenstri (11 11111111Η11.; 11111131. 11111 1111111111,

 

