231

0110111 intearatiose‘ss 010000 00100, dass 1000 den Versiohemngen
eviger Liebe und 11000 101 H. und 000 01010100 Ε10111010 01011 mehr
(10111011 heilegon 0011 01010 0001100160100100 Lustspielen 0001101000οη.

1101111101 101 0110010 Lydia 010110 1010010 1011 00000 in 1,8; 13; 25.
111000 100010 0000001101 so 1001 00111100, 1110 V.4 gesohieht‚ noch
10001011 11010001011010011100, 1100 117 100001.

wir 101100 1101 in 0000000 000 01011ςο 30100101 011100 0011000
00100110ου10, wie 001010 10 001 100011001οο Ρο0010 101 Τ1000111 000
Virgil 11111113 sind. Der 11101ος10101130000001010810001000 101110111.
11000 00 0010011011 0010 (100011 001 1111001111, dass 1000 00111 Gegan-
11011 0100001101 110110 101111111001001 10111110, 010 0100 0101 001101
1010101101 101.

8010001101 0000011111 10100 0010 4000010111 mit 0000101000
1013110100. 1100101 00111101 00010, 1100010 101 11011 01011 zu sagon.

*οι-

ΠΙ, 10.

11111 Paraolausithyron in 001100101100. So 000010 man 010 80100000
01000 1101100000, 100000010 11000 01010, 100 001001 110ςο10101οο 01011
1000100000, 0101110101 110110 101 111010 Ηο000, um Einlass 11111000,
0111101011 11000.

1101010010 Η. 000 Ι, 25, 71. 010 Quintessenz 01000 0010100 110000,
000 010 0031101101018010000101 1110100 11111 0001110101, 1013010111
101, 11101101 10111010 0110000, 000 0011111101 0000101010111101.

10101000001 101, wegen 00100 1010011000000 100111000110100, 010
1010101010ος 0000101000 0111 000 1110110ος00 11010101 (10111103, 010
0101 101 Prop. Ι, 16, 17-44; 0111111, ss‘finden.

110010101100110111, 13 100011101οηοο 010110 1010010 und 101
wohl 010 Ρ100100103011100. 11000 010 0111 111001 110000 1131101101-
1111010000 1011, 0100 nicht 0110 10010110110011111000010 01001300 1100011,

10181151.

...αισι-η...-

HL 11.

11001011101010 010 Einleitung zum 111. Buche.

Wie 0011 10100111 101, 110100101101100000 (10010110 desselben 010
8011000 1311100000, 010 101000 iibrigen (33 43 53 29) 0001 (10000100 0001
10010101 an 000 1101101101οηἀο 0101 000011100000, 11111000 01010000
beiden 0101100100 01000 0010100 Βο0000 0110011010, 110100110110101011-
0110100101 11011011 angefiigt 0100 und in beiden 1111100 nur 000 110

 

