11, 2 149

6611666, 6616166666 161. - 311661, 6. h. der Meinung 666 161616, 666 66616 116161-
11666 666 1116611666 (11661 61611. - 61666666, wohl 111161, 131. 66 S. 11, 6, 77. -
6661666666, 1611 Β6611 16166 616 (161616166 61611616616166663 einiger Η66. boatum
66661666 11611 166666 16666316 beatorum 6666161 - [16166 666 (1661111 661 -um
1116 -orum 161 Η. 161 666661 6611661661 3616166611 11616616 66 6666666 816116, 161666
6166 166 666 16616166 Η66666361666 16661161 zu 1166666. 11616616 6631, 66666116
16666 6161 66616 deum 666 nummum. 061611611166 661366366,.6666 6661 divum
6116116661 6166161661161(0.Π, 6, 66, Β. Ι, 3, 117), 6661 361666616166Β61631616
616166 61611 Η. 66. 1731. 616 1666661663 zu 666 bez. 8161166. 11661 16661661
1166611663, 6666 16 666 0666 6661166666 6166161631 61666616 -um 166 -orum 166-
1661661, 16 666 6111366 11161166366 deum 61616661, nummum 6161661 (66 S. 1, 3,
117). 1316661 616 6666661663 zu ΠΙ, 16, 69 immam. — 1166 66636 666661
6611166666, 661 11161161 116611661616, 1116661163 6. Δ. 161 H. 66 (16611116 1116
Salium (1, 66, 16, 1v, 1, 68), virum (111, 14, 11), equum (116. Π, 6, 64) 666166.
- Virtus ,· 1166 616 (161116 666 113666, 131. carm. 6666. 66, S. Ι, 3, 46. -“-
populanum 1166 1611 pube 31616136616111. 1661 666 popum 161611166631611 666
166161111611 11166 611666 166 11. 3636166611, 131.Ι16.Π,1,108, 197, popularia
66666, (1. ΠΙ, 6, 60. - dedocere ; 61611 366666 1166366 11661, 161 Η, 666 1166.

61-64. rmum-acervos,- 61616 666 6611666 666 63111616 gelegentlich (S. Ι,
31641, 1161, 1, 10611.) 16666611616 166166 666 6161166, 6666 666 666 116166
116613 661. -61666616, 11666361631, 666 616 661616166611611666661611, 1116 616 616
1166136 ,161666 in 31636166 366366 (ΙΙΙ, 1, 6) 6666166, 66 166666161666. - 111166,
3616116661 66 requam. - propriam 1166 - 166166613, 6666666, 131. 616 An·
66661663 66 fl.11‚2,134; 1166. 361, 67. - propriam von (16166 666 (1166166,
1116 616 1116616166 6666166366, 3111, 1166 Senecas 116666, Lucilius, 66611661611666
666 Η6666 (66116. Ι, 16, 33), 66316 666 66116666, Fortuna 3616616611 tuum, und:
6666· bonum quod potuit, ausem' 3161661. - 36163616, 166 6136116, 131111, 64, 65,
IV, 6, 1. - 66111161, 6666666661- 1616161166, ἅπαξ εἰρημένον, 131. 16163166
Ι, 13, 16. 16666666166 86666161. 96, 31 vadit audaciter (6616166), contemptor
66161666, πω ad pecuniam 16631611. 1111116611 6666166 111166166161 66611616616
666661 6616661666, 6666 1166 6166 1161666631611 666 1666166166 16611636, 66
66161. 616666 361 „mit 616116136166616661636“ 616 ,61161611661661361166616ι6“
16666166 1666, 6111611 666 (1666616 666611166 161 11661161 16166666166666
1666161 6611666 (66116.Π, 1, 166 6611111616) (16166661666 partio. perf. 6611 116663
661 616 1611, 116 666 616166 66166111, 61611 661 666 8611661, ιιι dem 66 361611.
H. 166616 61166 16616661611661666, 11666 66 636661166636616136661616166 16116.
- 6661666, 11611 6611066661111166 E. von 11616616 36166611, 6666 66 6666666 166
6136611 6666666 366631. 0166 (1661111616116666666161Η. 61166, 116 man 666 dom
Ζ666ι66ι661663 161611 666661166 6636661. 131. S. 1, 1, 34, 41, 61, 11‚2, 106,
Ep. 11, 6, 190. 61616 6661 111611 Ι, 1, 77 eqo conposito 6666166 666166, 166666
VH, 766 16666616 quidem spoliato plurima 6661666 bellorum 111 sumptus conyestae

pondera 1666666. - Β61 616666 116613 666 kann 66 6161 666 um 61666 aeris 6666666
61 auri fflp. 1, 6, 47) 1666616. 131. 6661661666 16, 91 [midos-ictus 1166666116.

 

