11 10

1010111 (00, aem), 01011101111. - yram Ρ11101,· ΙΠ, 0, 4. - 11100111 111. 1. 0;
1110011100 101011 Epitheton geben 0101110011111011 001 0111101, 0001010111ηο
1101001011 ΙΗ, 0, 1111 0, off. - Ρ111001 10 0001 Medi (V. 51), 0111111010101100
Numen, 1111010 010 Ρ1111111011111 von Η. 1111111100 0111111 den 0010. 111111-
1001 1010101010 00011 11110001 01. 111111 Antoren 010 Ponet 011 1110001. -
1111011111 ,· 10 0001 Π, 00, 01 ΠΙ, 0, 401 parentium ΙΙΙ, 04, 01. 11101110 10111111-
111111 11101, 14 011001011111111111 8. ΙΙ, 0, 000. - parentum 10101101101011 111
mm 0110 11110. - 111110,Ι 110111 10111οι11011 1111 ,11111011οη11 (111. 10 8. ΙΙ, 0, 00),
10000111 101 ,80101011 11118Ι, 0, 70. - Die durch 1011111110ηοοΔ011110111011
und 11101110, 1111 010 10 000 0000111 (1111000 10111111010110 01001101 011 Eheu
10111111 11100001 Ι1111001 11110 ost 100 010 01111εο01100 1011111. 1111. 1111.
01011. Ι, 007 squalent 01000111 11110 00100101 10110 111 Non. 101, 1011110 Italiae
01111100 11101 00110, quae 1111111 1111111111 10010001011110. 111. 0001 001111. 1100.
ῙΊ-Ὦ. 11011 10 100001 Ζο11 0001110 1101 011 1011οι1 1001111111 1. 1, 0411.

00-00. 0000001000 011 0011111110ςο 010110101118011111101000111
1110 Rom 101100 und 110011 1110001 1000110111οῬ - 111011 00011 01011111 11011.-
111111ς 011 (1000001100, 1110 Π, 10, 101. 011 100 sperat und 11101111. - 01111111
Aecus-tiu vgl. 10, 0. - 1110111111 0110110,11111111111011 0111111101 111. Ep.
Ι, 0, 00111111 11111111-11110111 10 ΙΠ, 1, 40 110011 0101101. -1.111111111111111,·
111 11, 0, 00 111111 Aeneae. - 1111001 001 01010 Pom 001 8111101111 111Η, 101111
11001 1110011 0110 1111011111. -1011911111 [01110111 0111 ,010 1111110011 0111 010 Probe
stellen“; ,0000 000 10 00110 00011111. 111. 110001. Ι1,01,04 00011111 fatique
1010100 1111111101 Tuo. Η111 Ι, 011 10011 1111011111 [01110101 0111111 10111 1111111111
0101. - 1111111101 1101101011 010 11001 1111101101 001 81100110. 80 1111111100. VI,
00 010 Sibylla sanctissima 01110; 1101111010 01001 01110 10110110 11111001
010100101011111011. - 111111111ς 0011000001 101 mm,- 11011111. - emim 001·
111011 010 1110101010, 111001110 Hymen 0011 001101010011111011, 10 1111011 001
110111 011 8101111 101111110. - 111101111111. zu V. 10.

00-40. 1101100111 001 00001 1101111101111111101101001, 0110 1111110110 110101·
gang 1010111110. 11111 110110 0011111101 0100 (10111011 1011000, 010 unu von den
11111111, 010 011 10111011, 1111101101.

Hm 101110 10 1101100010 101 011 00111111 0010001011101 Allo 0101 101011
1101 10100 10 0011010011 011 11101 11101000 0111101011, 100 denen 001 10011010
1011 0111001011, 0111101011. - 001111 11110 Apollo gemunt, 001011110011001100110.
1, 0, 0), 0010111 011 1100100 1100101100, 001 101 11110 8011010 010 10 801101
000 1101111011 101100100οι1 00110101 0001 00101 10100 011101 000 1101101001-
1110011ου1 11111Ἰ 10110101 001 von Augustus 1110110011 11101110 nott„ 100 10100110
1010011011 10101 1011111111 (800100 110094). [1000 10111 101101, 010 111011111011
000011 0110 00101 0101111 (Aeneadum 91111111 Ι11111. Ι, l) 00111110110110 Summos
000 011 1011101111 011011001101, 01101101 11111 001 11111001 1100010110οψ00
000 011011 001 1001101111 101101.

00-00. 0111 00111 11. 100010111111111011 1111 0011011 1111011 1010010 001
1111010111οη 0101 10110011. Dion 11011 011111 0010110101 0101. 8101011100-
11111 101011101οη 111101 0111 00111 tandem 10. 1011.1111)111101 parta? Alloin 01
10101011111011110110111111111000111010. 11111111110- 11011101 Ι10110;

 

